Original Array:
[[1011 1301 1326 1880 1201 1151 1383 1186 1846 1307]
 [1587 1886 1889 1349 1196 1440 1775 1076 1797 1179]
 [1310 1520 1020 1452 1758 1642 1247 1505 1928 1213]
 [1802 1649 1829 1502 1466 1352 1726 1560 1384 1464]
 [1078 1279 1872 1496 1576 1860 1214 1159 1893 1753]
 [1740 1172 1883 1761 1138 1506 1736 1235 1421 1506]
 [1586 1030 1329 1379 1827 1094 1337 1388 1042 1020]
 [1677 1285 1665 1258 1691 1460 1834 1554 1734 1581]
 [1788 1867 1809 1576 1119 1390 1573 1358 1098 1988]
 [1896 1433 1934 1711 1479 1673 1064 1945 1000 1417]
 [1066 1581 1337 1085 1404 1838 1620 1337 1213 1308]
 [1234 1040 1895 1840 1671 1829 1469 1259 1658 1545]
 [1331 1634 1920 1020 1564 1960 1853 1041 1112 1026]
 [1549 1497 1861 1049 1875 1729 1788 1823 1379 1014]
 [1281 1592 1277 1792 1956 1587 1764 1624 1831 1349]
 [1464 1015 1941 1084 1755 1532 1484 1971 1180 1547]
 [1252 1224 1079 1052 1296 1785 1906 1254 1603 1733]
 [1925 1318 1404 1771 1596 1532 1809 1903 1691 1856]
 [1045 1040 1948 1775 1534 1483 1326 1683 1070 1132]
 [1340 1417 1430 1550 1520 1538 1805 1514 1276 1459]
 [1474 1310 1734 1004 1757 1793 1130 1544 1431 1503]
 [1250 1445 1882 1721 1429 1788 1993 1421 1552 1129]
 [1051 1591 1692 1786 1192 1480 1301 1317 1525 1763]
 [1198 1350 1299 1022 1745 1161 1836 1137 1899 1446]
 [1568 1581 1231 1792 1041 1451 1108 1600 1858 1244]
 [1136 1016 1293 1560 1709 1197 1856 1986 1155 1679]
 [1460 1323 1023 1112 1057 1452 1124 1541 1319 1726]
 [1998 1619 1176 1967 1994 1965 1120 1229 1295 1374]
 [1824 1013 1406 1827 1202 1909 1794 1797 1922 1199]
 [1797 1686 1905 1447 1045 1419 1420 1410 1220 1204]
 [1056 1338 1888 1100 1944 1650 1354 1264 1114 1016]
 [1566 1645 1877 1294 1310 1315 1114 1398 1351 1359]
 [1368 1794 1676 1325 1808 1732 1427 1993 1176 1162]
 [1079 1083 1542 1716 1781 1343 1457 1050 1740 1823]
 [1402 1465 1656 1599 1754 1857 1815 1765 1127 1608]
 [1020 1946 1724 1188 1443 1097 1241 1842 1736 1543]
 [1907 1985 1124 1586 1445 1945 1607 1979 1876 1552]
 [1426 1604 1925 1312 1708 1549 1012 1751 1505 1702]
 [1934 1366 1409 1581 1725 1664 1899 1105 1701 1957]
 [1319 1266 1430 1296 1506 1495 1566 1226 1519 1665]
 [1802 1208 1954 1961 1844 1983 1229 1678 1709 1424]
 [1774 1791 1682 1197 1031 1920 1908 1562 1314 1768]
 [1859 1966 1086 1982 1935 1628 1478 1954 1247 1400]
 [1523 1670 1724 1941 1733 1333 1540 1956 1250 1429]
 [1144 1692 1712 1903 1509 1868 1843 1631 1865 1617]
 [1619 1307 1492 1303 1649 1746 1411 1618 1420 1687]
 [1937 1129 1960 1845 1794 1097 1941 1146 1986 1525]
 [1734 1438 1019 1239 1979 1066 1920 1245 1882 1647]
 [1887 1542 1643 1748 1465 1902 1754 1624 1833 1103]
 [1102 1024 1407 1890 1226 1234 1832 1823 1221 1728]
 [1044 1686 1284 1215 1216 1323 1352 1705 1550 1201]
 [1206 1590 1384 1762 1606 1577 1343 1386 1760 1153]
 [1792 1535 1104 1032 1074 1234 1977 1577 1854 1755]
 [1896 1744 1662 1467 1491 1323 1666 1922 1685 1198]
 [1580 1773 1083 1535 1157 1038 1631 1366 1679 1932]
 [1131 1521 1773 1084 1348 1758 1244 1512 1231 1005]
 [1346 1806 1742 1637 1526 1602 1952 1397 1985 1740]
 [1486 1284 1878 1963 1825 1337 1759 1467 1338 1915]
 [1519 1997 1853 1164 1163 1235 1703 1217 1097 1787]
 [1646 1910 1233 1316 1736 1411 1315 1429 1539 1130]
 [1143 1742 1478 1726 1091 1646 1770 1373 1565 1440]
 [1182 1748 1286 1421 1176 1817 1533 1141 1448 1660]
 [1625 1583 1915 1668 1185 1540 1714 1247 1568 1026]
 [1984 1391 1794 1159 1537 1255 1828 1361 1069 1600]
 [1924 1363 1279 1604 1253 1101 1589 1223 1421 1057]
 [1106 1288 1352 1894 1643 1348 1162 1472 1816 1970]
 [1206 1618 1213 1275 1023 1843 1103 1005 1993 1427]
 [1126 1476 1710 1327 1478 1808 1094 1388 1818 1291]
 [1409 1181 1651 1958 1939 1326 1976 1757 1949 1740]
 [1715 1157 1927 1929 1266 1180 1803 1293 1860 1400]
 [1115 1818 1613 1251 1934 1868 1512 1029 1679 1777]
 [1770 1220 1917 1509 1434 1016 1467 1234 1504 1792]
 [1705 1507 1267 1857 1676 1651 1059 1278 1682 1624]
 [1555 1766 1089 1738 1580 1612 1650 1311 1024 1132]
 [1072 1906 1930 1900 1041 1933 1865 1758 1646 1607]
 [1233 1980 1903 1525 1494 1786 1875 1080 1061 1235]
 [1687 1353 1892 1852 1647 1325 1258 1097 1732 1427]
 [1465 1552 1564 1541 1353 1184 1591 1467 1677 1614]
 [1096 1531 1076 1844 1947 1712 1477 1919 1699 1307]
 [1027 1242 1941 1731 1285 1754 1914 1640 1797 1274]
 [1230 1887 1220 1504 1535 1066 1624 1837 1343 1455]
 [1165 1209 1383 1107 1148 1652 1217 1506 1927 1358]
 [1353 1456 1184 1390 1046 1357 1020 1732 1696 1205]
 [1123 1481 1204 1058 1317 1550 1192 1851 1374 1105]
 [1849 1049 1310 1272 1009 1013 1541 1982 1082 1681]
 [1392 1903 1305 1116 1768 1414 1240 1734 1945 1804]
 [1257 1015 1741 1676 1257 1681 1865 1165 1023 1933]
 [1120 1433 1289 1965 1880 1434 1203 1771 1801 1132]
 [1160 1167 1170 2000 1933 1906 1196 1353 1978 1441]
 [1729 1206 1708 1305 1673 1274 1144 1493 1104 1559]
 [1915 1770 1888 1481 1632 1283 1878 1609 1410 1316]
 [1918 1593 1285 1920 1618 1326 1781 1863 1393 1322]
 [1435 1270 1014 1746 1586 1087 1566 1291 1669 1926]
 [1495 1165 1406 1687 1048 1273 1328 1970 1323 1854]
 [1268 1936 1679 1484 1729 1593 1437 1817 1728 1752]
 [1372 1431 1678 1962 1652 1305 1141 1022 1782 1070]
 [1419 1471 1513 1203 1137 1569 1809 1711 1445 1543]
 [1605 1948 1936 1110 1431 1937 1850 1210 1275 1962]
 [1227 1554 1117 1890 1831 1222 1062 1064 1141 1133]
 [1217 1798 1642 1233 1692 1649 1474 1128 1287 1619]]
Average: 1506.225
Variance: 82879.130375
Standard Deviation: 287.8873570947498
